50 1824 2027 1775 1927 1907 1943 1990 1778 1921 1851 1850 1753 2048 1744 1774 2038 1865 1906 2014 1839 1989 2086 1953 2098 1857 2251 2016 1962 1989 1821 2062 2053 1787 2090 1991 1972 2024 1814 1905 1872 1839 1756 2008 1946 2067 1954 1834 1963 1891 1639 
100 1545 1977 1964 1746 1790 1786 1720 1729 1740 2046 1766 1757 1914 1926 1750 1835 1844 2066 1902 1828 2016 1819 1864 1915 1845 1874 2067 1848 1886 1650 1966 1968 1893 1921 1713 2027 1927 1756 1876 1964 1698 1832 1699 1719 1681 1806 1733 1787 1991 1776 
150 1718 2057 1653 1902 1776 1820 1857 1845 1631 1678 1791 1685 1859 1806 1685 1800 1771 1862 1765 1819 2098 1826 1870 1791 1892 1632 1852 1795 1781 1931 1573 1843 1795 1947 1619 1847 1721 1707 1808 1846 1866 1796 1771 1730 1875 1772 1811 1894 1868 1696 
200 1659 1849 1746 1678 1811 1809 1701 1787 1955 1803 1872 1902 1793 1837 1681 2015 1817 1876 1769 1728 1756 1701 1639 1887 1778 1833 1703 1758 1717 1660 1871 1838 1814 1667 1731 1778 1759 1766 1908 1712 1829 1854 1779 1695 1858 1719 1884 1760 1641 1861 
250 1740 1581 1805 1632 1786 1732 1820 1656 2024 1795 1836 1752 1619 1791 1604 1854 1836 1860 1815 1601 1783 1915 1569 1887 1877 1759 1635 1756 1784 1806 1749 1757 1833 1752 1636 1659 1785 1761 1700 1683 1701 1847 1571 1782 1693 1859 1888 1905 1825 1623 
300 1772 1766 1919 1795 1701 1708 1841 1814 1918 1587 1672 1497 1619 1878 1802 1647 1711 1719 1745 1721 1817 1727 1817 1704 1766 1642 1426 1780 1767 1714 1692 1889 1818 1860 1811 1670 1776 1885 2030 1712 1784 1861 1648 1925 1817 1704 1757 1861 1505 1871 













































