50 0.0736346 0.086529 0.0765721 0.0801701 0.0744819 0.0812937 0.0859637 0.082249 0.077686 0.0864478 0.0843902 0.0720943 0.0843241 0.0794928 0.0820998 0.0746112 0.078177 0.0824815 0.081833 0.0758246 0.0787273 0.0849382 0.0792539 0.074696 0.0842614 0.0789229 0.0874383 0.0786935 0.0802492 0.0809179 0.0797756 0.0862891 0.074592 0.0799251 0.0741118 0.0802021 0.0810958 0.0755674 0.0752978 0.0751731 0.0821295 0.0812389 0.0744651 0.0764569 0.0835692 0.0874239 0.0807228 0.082728 0.081713 0.0770634 
100 0.169588 0.165767 0.171835 0.174649 0.184447 0.163015 0.172476 0.191183 0.17684 0.173052 0.172112 0.181433 0.192499 0.162207 0.17752 0.184171 0.180791 0.191561 0.184905 0.17869 0.171703 0.179839 0.181417 0.176424 0.178931 0.168655 0.169508 0.167377 0.171441 0.17352 0.179247 0.182831 0.17358 0.185753 0.168725 0.177968 0.170706 0.159784 0.172767 0.174495 0.177939 0.170764 0.172444 0.16177 0.163531 0.184171 0.172887 0.175974 0.167177 0.171002 
150 0.360157 0.337052 0.338695 0.341337 0.337936 0.316926 0.343644 0.358157 0.35037 0.367408 0.361172 0.386206 0.344782 0.340247 0.344693 0.37663 0.350471 0.336548 0.364477 0.35297 0.364076 0.389743 0.376328 0.359888 0.368261 0.372345 0.354624 0.356612 0.349119 0.36911 0.364165 0.35771 0.369945 0.288207 0.356706 0.355779 0.347498 0.381911 0.278562 0.361566 0.343661 0.34943 0.337551 0.271819 0.352186 0.322502 0.342907 0.315529 0.277239 0.37361 
200 0.393809 0.395601 0.353257 0.39247 0.392271 0.378224 0.398064 0.406636 0.371276 0.377577 0.398922 0.363288 0.383463 0.37235 0.393671 0.371982 0.351173 0.37633 0.375921 0.410502 0.401028 0.372636 0.372201 0.395131 0.389366 0.365439 0.385541 0.383425 0.38297 0.37 0.389235 0.39063 0.375679 0.388046 0.373598 0.358986 0.411208 0.38353 0.368689 0.372044 0.389193 0.375034 0.366216 0.372153 0.375881 0.392514 0.395878 0.411601 0.368133 0.394357 
250 0.478176 0.501326 0.4557 0.476061 0.464945 0.469156 0.480264 0.500524 0.495864 0.462773 0.488662 0.497894 0.471232 0.482376 0.471311 0.493395 0.458317 0.511691 0.508425 0.467392 0.513265 0.460794 0.444527 0.465095 0.49638 0.435526 0.486619 0.477351 0.47106 0.454651 0.483047 0.491373 0.450239 0.438856 0.478373 0.470566 0.482833 0.499647 0.518245 0.479784 0.472139 0.482269 0.447743 0.492705 0.474653 0.494227 0.455195 0.490915 0.503816 0.505208 
300 0.522669 0.769573 0.784949 0.777166 0.593403 0.721313 0.748069 0.58808 0.752358 0.5887 0.648112 0.601521 0.721913 0.577521 0.758413 0.732919 0.637687 0.782854 0.750906 0.592609 0.745321 0.772591 0.591288 0.764018 0.578653 0.760896 0.626078 0.647983 0.745754 0.820046 0.69732 0.551684 0.778993 0.847641 0.716636 0.577903 0.774067 0.767526 0.628559 0.681727 0.62376 0.704955 0.581846 0.770345 0.681847 0.635723 0.782124 0.733834 0.574849 0.708272 













































