50 1605 1940 2068 1868 1851 1882 1738 1777 1998 2014 2055 2089 1882 1722 1844 1767 1983 1836 1820 1985 2031 1832 1923 1888 1910 1920 2013 1993 1991 1868 1867 1711 1881 1960 1956 1955 1919 1945 2044 2043 1872 1828 1879 1781 2136 2085 1936 1857 2069 1722 50 2133 1766 2258 2094 2205 1929 2255 2088 2097 2141 1926 2243 2041 2075 2115 2004 2070 2106 2077 2225 1944 2175 2320 2193 1909 1946 2151 2146 2057 2181 1902 2258 1871 2206 1974 2141 2212 2107 2053 1968 2168 2137 2109 1866 2083 1994 1974 2097 2073 2136 50 54253 55371 54572 54925 54903 54427 54977 53932 53544 54433 54185 54232 55359 53155 54704 55019 53004 54679 53086 55275 54826 55952 53330 54483 51970 53032 52422 54435 55767 53329 53172 53308 51518 52977 53507 54155 53089 55295 55853 54747 54585 54402 54909 54173 54315 53347 53666 53627 55226 54667 
100 1895 1911 1784 1615 2079 2031 1783 1683 1850 1968 1794 1755 1927 1923 1861 1741 1826 1909 1969 1898 1950 1861 1774 1842 1796 1808 1972 1804 2031 1667 1834 1916 1857 1912 2071 1785 1776 1641 1902 1863 1810 1776 1647 1719 2092 1685 1799 1809 1864 1880 100 1890 1851 1989 1870 1962 1938 2086 1969 2030 2003 1833 2133 1951 1962 2115 2103 2055 2043 1939 2080 2190 2056 1917 2157 2061 1895 2006 1958 2018 2189 2066 2114 2086 1987 1763 1776 2099 1974 1683 2050 1902 2080 2052 1936 1938 1995 2203 1987 2020 1846 100 54322 52300 54080 52602 52814 55742 52495 52663 51158 53872 51795 53797 53385 54437 53178 53214 52990 52707 53103 53677 52256 53545 53864 53553 51919 52274 53833 52517 53282 52523 53885 52939 52064 54752 52434 52816 52648 51982 53783 53201 54550 51931 52851 53821 53416 53897 52357 53889 52831 52150 
150 1940 1993 1897 1934 1695 1812 1977 2012 1912 1849 1800 1825 1707 1835 1723 1812 1735 1778 1667 2017 1792 1786 1803 1674 1781 1851 1896 1693 1845 1822 1802 1948 1664 2028 1976 1782 1814 1806 1736 1705 1718 1546 1857 1779 1720 1931 1727 1774 1637 1732 150 2061 2173 1950 2077 1965 1861 1971 1907 2042 1866 1900 2106 1954 1837 1723 1882 1823 1958 1918 1909 1582 1943 2044 1914 1827 2069 2048 1899 1909 1883 1947 1694 1866 2023 1699 2088 2146 1984 1867 1997 1829 1962 1985 1917 1919 1886 1992 1847 1926 1804 150 52658 52280 52193 52282 52764 52455 53704 51196 51766 52349 51785 51923 53289 53177 53336 52404 53134 50844 53357 51596 52989 52421 52494 51818 53345 54264 50395 51189 53122 53206 51820 52521 54070 52116 53225 52112 53704 52142 53168 52475 51380 51980 54068 51996 52181 53343 52320 51555 50280 52748 
200 1704 1665 1897 1835 1809 1687 1690 1548 1829 1657 1757 1976 1663 1786 1975 1757 1873 1816 1655 1817 1692 1922 1725 1889 1814 1853 1735 1747 1679 1808 1838 1987 1682 1611 1841 1783 1866 1569 1651 1883 1757 1860 1805 1681 1932 1679 1809 1647 1763 1904 200 1793 1862 1827 1768 2023 1783 2003 1734 1961 1940 1839 1864 1685 1872 1780 1869 2006 2217 1790 1872 1761 1633 1830 1643 1909 1922 1699 1912 1938 1992 1863 1682 1898 1824 1917 1804 1915 1845 1943 2026 1708 1790 1742 1970 1931 1964 1866 1951 1856 1726 200 52194 50921 50432 51880 52769 52373 50989 52778 52693 53480 53597 52392 54065 52637 52877 52398 51862 52939 52660 50702 50743 52240 50448 53273 52066 51442 51346 50689 53334 52142 52554 51070 53494 52749 50745 51350 51485 52811 53209 53265 51310 51342 51511 52234 52893 52051 52319 52505 52035 52460 
250 1660 1885 1950 1838 1797 1725 1799 1920 1849 1961 1725 1841 1812 1700 1705 1745 1838 1765 1830 1632 1648 1587 1663 1762 1725 1857 1766 1775 2027 1654 1590 1740 1728 1662 1759 1885 1801 1687 1665 1727 1586 1877 1558 1737 1847 1833 1752 1826 1712 1833 250 1788 1825 2003 1779 2030 2101 1865 1770 1827 2010 2031 1760 1845 1978 1916 1832 2080 1854 2063 1855 2046 1804 1669 1879 1900 1720 1711 1732 2020 1795 2026 1871 2026 1891 1973 2059 1871 1748 1933 1834 2010 1978 1888 2000 1887 1903 1696 2007 1835 1779 250 51259 52236 53904 51321 51879 53851 52318 50720 50186 53378 51046 52328 53007 50254 51376 51336 51566 53222 50588 53394 51799 51947 52693 50908 51728 53844 49926 53955 52907 52358 52038 51340 51556 52239 52521 51834 52015 52399 51842 53894 51869 50030 52628 50689 51996 51183 53851 52059 52785 53140 
300 1744 1723 1643 1889 1589 1921 1738 1726 1786 1693 1843 1676 1869 1749 1854 1726 1642 1899 1518 1742 1738 1540 1828 1803 1931 1727 1713 1844 1749 1857 1848 1877 1610 1779 1654 1737 1707 1559 1907 1848 1538 1627 2026 1686 1691 1796 1674 1705 1818 1713 300 1902 2024 1776 1795 1712 1963 1756 1768 1839 1955 1968 1677 1862 1986 1760 2103 1921 1912 1846 1835 2098 1760 1603 1925 1810 1891 1889 1825 1966 1895 1872 1927 1758 2004 1889 1865 1984 1604 1788 1930 1916 1977 1908 1956 1816 1758 1737 1831 1877 1849 300 51876 51666 51193 50905 52717 51905 52155 51203 52650 50799 51438 52382 51217 50031 51651 51522 50731 51337 51964 49770 51278 49294 49243 52097 50902 51302 52696 51187 51501 51738 50759 50224 52398 52039 52408 51433 51516 51847 53288 53272 52359 50016 51597 52162 52054 52303 52652 52528 50962 52154 













































